tp,fp,fn,tn,precision,recall,f_measure,mcc,precision@15,precision@20,precision@n_positives
20.0,2.0,0.0,3418.0,0.9090909090909091,1.0,0.9523809523809523,0.953183758244091,0.9333333333333333,0.9,0.9
19.0,3.0,1.0,3417.0,0.8636363636363636,0.95,0.9047619047619048,0.9052178113693152,0.8666666666666667,0.9,0.9
21.0,1.0,1.0,3417.0,0.9545454545454546,0.9545454545454546,0.9545454545454546,0.9542528857917975,0.9333333333333333,0.95,0.9545454545454546
11.0,0.0,0.0,3429.0,1.0,1.0,1.0,1.0,0.7333333333333333,0.55,1.0
48.0,16.0,0.0,3376.0,0.75,1.0,0.8571428571428571,0.8639804767186255,0.5333333333333333,0.55,0.75
21.0,0.0,0.0,3419.0,1.0,1.0,1.0,1.0,1.0,1.0,1.0
17.0,0.0,0.0,3423.0,1.0,1.0,1.0,1.0,1.0,0.85,1.0
11.0,0.0,0.0,3429.0,1.0,1.0,1.0,1.0,0.7333333333333333,0.55,1.0
33.0,4.0,0.0,3403.0,0.8918918918918919,1.0,0.9428571428571428,0.9438457305971426,0.8666666666666667,0.9,0.9090909090909091
15.0,0.0,0.0,3425.0,1.0,1.0,1.0,1.0,1.0,0.75,1.0
11.0,0.0,0.0,3429.0,1.0,1.0,1.0,1.0,0.7333333333333333,0.55,1.0
29.0,1.0,0.0,3410.0,0.9666666666666667,1.0,0.983050847457627,0.9830479488882264,0.9333333333333333,0.95,0.9655172413793104
49.0,14.0,0.0,3377.0,0.7777777777777778,1.0,0.8750000000000001,0.8800946900135345,0.4666666666666667,0.55,0.7346938775510204
15.0,0.0,0.0,3425.0,1.0,1.0,1.0,1.0,1.0,0.75,1.0
25.0,1.0,0.0,3414.0,0.9615384615384616,1.0,0.9803921568627451,0.9804370955341082,0.9333333333333333,0.95,0.96
24.0,1.0,0.0,3415.0,0.96,1.0,0.9795918367346939,0.9796524738676645,0.9333333333333333,0.95,0.9583333333333334
24.0,3.0,0.0,3413.0,0.8888888888888888,1.0,0.9411764705882353,0.9423949537025261,0.8,0.85,0.875
32.0,4.0,0.0,3404.0,0.8888888888888888,1.0,0.9411764705882353,0.9422555874447995,0.7333333333333333,0.8,0.875
30.0,3.0,0.0,3407.0,0.9090909090909091,1.0,0.9523809523809523,0.9530430852628693,0.8666666666666667,0.9,0.9
11.0,0.0,0.0,3429.0,1.0,1.0,1.0,1.0,0.7333333333333333,0.55,1.0
29.0,3.0,0.0,3408.0,0.90625,1.0,0.9508196721311475,0.9515529130584616,0.8,0.85,0.896551724137931
24.0,1.0,0.0,3415.0,0.96,1.0,0.9795918367346939,0.9796524738676645,1.0,1.0,0.9583333333333334
23.0,2.0,0.0,3415.0,0.92,1.0,0.9583333333333334,0.958885559360273,0.8666666666666667,0.9,0.9130434782608695
10.0,0.0,1.0,3429.0,1.0,0.9090909090909091,0.9523809523809523,0.953323590398109,0.7333333333333333,0.55,1.0
21.0,0.0,0.0,3419.0,1.0,1.0,1.0,1.0,1.0,1.0,1.0
11.0,0.0,0.0,3429.0,1.0,1.0,1.0,1.0,0.7333333333333333,0.55,1.0
18.0,0.0,0.0,3422.0,1.0,1.0,1.0,1.0,1.0,0.9,1.0
16.0,0.0,0.0,3424.0,1.0,1.0,1.0,1.0,1.0,0.8,1.0
20.0,1.0,0.0,3419.0,0.9523809523809523,1.0,0.975609756097561,0.9757573870682547,0.9333333333333333,0.95,0.95
11.0,0.0,0.0,3429.0,1.0,1.0,1.0,1.0,0.7333333333333333,0.55,1.0
29.0,1.0,0.0,3410.0,0.9666666666666667,1.0,0.983050847457627,0.9830479488882264,0.9333333333333333,0.95,0.9655172413793104
51.0,12.0,0.0,3377.0,0.8095238095238095,1.0,0.8947368421052632,0.8981410763159864,0.5333333333333333,0.6,0.7843137254901961
12.0,0.0,0.0,3428.0,1.0,1.0,1.0,1.0,0.8,0.6,1.0
17.0,1.0,2.0,3420.0,0.9444444444444444,0.8947368421052632,0.918918918918919,0.9188201161677553,1.0,0.95,0.9473684210526315
15.0,0.0,2.0,3423.0,1.0,0.8823529411764706,0.9375,0.9390621377646331,1.0,0.85,1.0
46.0,7.0,1.0,3386.0,0.8679245283018868,0.9787234042553191,0.9199999999999999,0.9205319676424969,0.8666666666666667,0.9,0.851063829787234
54.0,14.0,0.0,3372.0,0.7941176470588235,1.0,0.8852459016393442,0.8892886094605224,0.6666666666666666,0.75,0.7592592592592593
12.0,0.0,1.0,3427.0,1.0,0.9230769230769231,0.9600000000000001,0.9606287771186212,0.8666666666666667,0.65,1.0
20.0,2.0,1.0,3417.0,0.9090909090909091,0.9523809523809523,0.9302325581395349,0.9300487150851133,0.9333333333333333,0.95,0.9523809523809523
29.0,2.0,1.0,3408.0,0.9354838709677419,0.9666666666666667,0.9508196721311476,0.950509870178692,0.8666666666666667,0.9,0.9333333333333333
21.0,1.0,0.0,3418.0,0.9545454545454546,1.0,0.9767441860465117,0.9768655312034192,1.0,0.95,0.9523809523809523
21.0,1.0,0.0,3418.0,0.9545454545454546,1.0,0.9767441860465117,0.9768655312034192,1.0,0.95,0.9523809523809523
16.0,0.0,0.0,3424.0,1.0,1.0,1.0,1.0,1.0,0.8,1.0
21.0,3.0,0.0,3416.0,0.875,1.0,0.9333333333333333,0.9350038671827408,0.8666666666666667,0.85,0.8571428571428571
16.0,1.0,0.0,3423.0,0.9411764705882353,1.0,0.9696969696969697,0.9700008217947925,0.9333333333333333,0.8,0.9375
11.0,0.0,0.0,3429.0,1.0,1.0,1.0,1.0,0.7333333333333333,0.55,1.0
31.0,2.0,0.0,3407.0,0.9393939393939394,1.0,0.96875,0.9689390143792024,0.9333333333333333,0.95,0.9354838709677419
21.0,1.0,0.0,3418.0,0.9545454545454546,1.0,0.9767441860465117,0.9768655312034192,1.0,0.95,0.9523809523809523
14.0,1.0,0.0,3425.0,0.9333333333333333,1.0,0.9655172413793104,0.9659507786586252,0.9333333333333333,0.7,0.9285714285714286
37.0,4.0,0.0,3399.0,0.9024390243902439,1.0,0.9487179487179488,0.9494094308476394,0.9333333333333333,0.9,0.918918918918919
14.0,0.0,0.0,3426.0,1.0,1.0,1.0,1.0,0.9333333333333333,0.7,1.0
15.0,0.0,0.0,3425.0,1.0,1.0,1.0,1.0,1.0,0.75,1.0
17.0,1.0,0.0,3422.0,0.9444444444444444,1.0,0.9714285714285714,0.9716833502358617,0.9333333333333333,0.85,0.9411764705882353
16.0,1.0,0.0,3423.0,0.9411764705882353,1.0,0.9696969696969697,0.9700008217947925,0.9333333333333333,0.8,0.9375
21.0,2.0,0.0,3417.0,0.9130434782608695,1.0,0.9545454545454545,0.9552535676650579,0.8666666666666667,0.9,0.9047619047619048
21.0,0.0,0.0,3419.0,1.0,1.0,1.0,1.0,1.0,1.0,1.0
52.0,16.0,2.0,3370.0,0.7647058823529411,0.9629629629629629,0.8524590163934426,0.8556877920915118,0.6,0.7,0.7777777777777778
12.0,0.0,0.0,3428.0,1.0,1.0,1.0,1.0,0.8,0.6,1.0
11.0,0.0,1.0,3428.0,1.0,0.9166666666666666,0.9565217391304348,0.9572874902407936,0.8,0.6,1.0
8.0,0.0,1.0,3431.0,1.0,0.8888888888888888,0.9411764705882353,0.9426716759454952,0.6,0.45,1.0
20.0,0.0,0.0,3420.0,1.0,1.0,1.0,1.0,1.0,1.0,1.0
15.0,0.0,0.0,3425.0,1.0,1.0,1.0,1.0,1.0,0.75,1.0
12.0,0.0,0.0,3428.0,1.0,1.0,1.0,1.0,0.8,0.6,1.0
35.0,2.0,0.0,3403.0,0.9459459459459459,1.0,0.9722222222222222,0.9723118451633456,0.9333333333333333,0.9,0.9428571428571428
8.0,0.0,1.0,3431.0,1.0,0.8888888888888888,0.9411764705882353,0.9426716759454952,0.6,0.45,1.0
26.0,1.0,1.0,3412.0,0.9629629629629629,0.9629629629629629,0.9629629629629629,0.9626699655999392,0.9333333333333333,0.95,0.9629629629629629
24.0,2.0,0.0,3414.0,0.9230769230769231,1.0,0.9600000000000001,0.9604876261116169,1.0,0.95,0.9583333333333334
10.0,2.0,0.0,3428.0,0.8333333333333334,1.0,0.9090909090909091,0.9126047472395481,0.6666666666666666,0.5,0.8
10.0,0.0,1.0,3429.0,1.0,0.9090909090909091,0.9523809523809523,0.953323590398109,0.7333333333333333,0.55,1.0
20.0,2.0,0.0,3418.0,0.9090909090909091,1.0,0.9523809523809523,0.953183758244091,0.8666666666666667,0.9,0.9
15.0,0.0,0.0,3425.0,1.0,1.0,1.0,1.0,1.0,0.75,1.0
15.0,0.0,1.0,3424.0,1.0,0.9375,0.967741935483871,0.9681044764756864,1.0,0.8,1.0
21.0,0.0,0.0,3419.0,1.0,1.0,1.0,1.0,1.0,1.0,1.0
10.0,0.0,0.0,3430.0,1.0,1.0,1.0,1.0,0.6666666666666666,0.5,1.0
9.0,0.0,0.0,3431.0,1.0,1.0,1.0,1.0,0.6,0.45,1.0
10.0,0.0,0.0,3430.0,1.0,1.0,1.0,1.0,0.6666666666666666,0.5,1.0
34.0,5.0,0.0,3401.0,0.8717948717948718,1.0,0.9315068493150686,0.9330139757638926,0.8666666666666667,0.85,0.8529411764705882
14.0,0.0,3.0,3423.0,1.0,0.8235294117647058,0.9032258064516129,0.9070878031825806,1.0,0.85,1.0
13.0,0.0,0.0,3427.0,1.0,1.0,1.0,1.0,0.8666666666666667,0.65,1.0
26.0,3.0,0.0,3411.0,0.896551724137931,1.0,0.9454545454545454,0.9464480403579417,0.8666666666666667,0.85,0.8846153846153846
12.0,0.0,0.0,3428.0,1.0,1.0,1.0,1.0,0.8,0.6,1.0
13.0,0.0,0.0,3427.0,1.0,1.0,1.0,1.0,0.8666666666666667,0.65,1.0
46.0,5.0,0.0,3389.0,0.9019607843137255,1.0,0.9484536082474228,0.9490163468186089,0.8,0.8,0.9130434782608695
12.0,0.0,1.0,3427.0,1.0,0.9230769230769231,0.9600000000000001,0.9606287771186212,0.8666666666666667,0.65,1.0
58.0,18.0,0.0,3364.0,0.7631578947368421,1.0,0.8656716417910448,0.8712612373282923,0.6,0.6,0.7413793103448276
25.0,2.0,1.0,3412.0,0.9259259259259259,0.9615384615384616,0.9433962264150944,0.9431274595436349,0.8666666666666667,0.9,0.9230769230769231
30.0,1.0,0.0,3409.0,0.967741935483871,1.0,0.9836065573770492,0.9835944998803484,0.9333333333333333,0.95,0.9666666666666667
14.0,1.0,0.0,3425.0,0.9333333333333333,1.0,0.9655172413793104,0.9659507786586252,0.9333333333333333,0.7,0.9285714285714286
10.0,0.0,0.0,3430.0,1.0,1.0,1.0,1.0,0.6666666666666666,0.5,1.0
46.0,10.0,0.0,3384.0,0.8214285714285714,1.0,0.9019607843137255,0.9049907922376068,0.7333333333333333,0.7,0.8043478260869565
25.0,1.0,2.0,3412.0,0.9615384615384616,0.9259259259259259,0.9433962264150944,0.9431274595436349,0.9333333333333333,0.95,0.9629629629629629
12.0,0.0,0.0,3428.0,1.0,1.0,1.0,1.0,0.8,0.6,1.0
10.0,0.0,0.0,3430.0,1.0,1.0,1.0,1.0,0.6666666666666666,0.5,1.0
24.0,0.0,0.0,3416.0,1.0,1.0,1.0,1.0,1.0,1.0,1.0
17.0,0.0,0.0,3423.0,1.0,1.0,1.0,1.0,1.0,0.85,1.0
10.0,0.0,0.0,3430.0,1.0,1.0,1.0,1.0,0.6666666666666666,0.5,1.0
32.0,2.0,0.0,3406.0,0.9411764705882353,1.0,0.9696969696969697,0.9698577921420929,0.9333333333333333,0.95,0.96875
34.0,6.0,1.0,3399.0,0.85,0.9714285714285714,0.9066666666666667,0.9077066113787674,0.7333333333333333,0.8,0.8285714285714286
12.0,0.0,0.0,3428.0,1.0,1.0,1.0,1.0,0.8,0.6,1.0
16.0,0.0,0.0,3424.0,1.0,1.0,1.0,1.0,1.0,0.8,1.0
10.0,0.0,0.0,3430.0,1.0,1.0,1.0,1.0,0.6666666666666666,0.5,1.0
39.0,8.0,0.0,3393.0,0.8297872340425532,1.0,0.9069767441860465,0.909854585947798,0.6,0.65,0.7948717948717948
21.0,1.0,0.0,3418.0,0.9545454545454546,1.0,0.9767441860465117,0.9768655312034192,0.9333333333333333,0.95,0.9523809523809523
17.0,1.0,0.0,3422.0,0.9444444444444444,1.0,0.9714285714285714,0.9716833502358617,0.9333333333333333,0.85,0.9411764705882353
11.0,0.0,1.0,3428.0,1.0,0.9166666666666666,0.9565217391304348,0.9572874902407936,0.8,0.6,1.0
11.0,0.0,0.0,3429.0,1.0,1.0,1.0,1.0,0.7333333333333333,0.55,1.0
10.0,0.0,0.0,3430.0,1.0,1.0,1.0,1.0,0.6666666666666666,0.5,1.0
17.0,0.0,1.0,3422.0,1.0,0.9444444444444444,0.9714285714285714,0.9716833502358617,1.0,0.9,1.0
16.0,0.0,0.0,3424.0,1.0,1.0,1.0,1.0,1.0,0.8,1.0
10.0,0.0,0.0,3430.0,1.0,1.0,1.0,1.0,0.6666666666666666,0.5,1.0
10.0,0.0,0.0,3430.0,1.0,1.0,1.0,1.0,0.6666666666666666,0.5,1.0
26.0,5.0,0.0,3409.0,0.8387096774193549,1.0,0.9122807017543859,0.9151400650721334,0.8666666666666667,0.75,0.8076923076923077
17.0,0.0,0.0,3423.0,1.0,1.0,1.0,1.0,1.0,0.85,1.0
12.0,0.0,1.0,3427.0,1.0,0.9230769230769231,0.9600000000000001,0.9606287771186212,0.8666666666666667,0.65,1.0
10.0,0.0,0.0,3430.0,1.0,1.0,1.0,1.0,0.6666666666666666,0.5,1.0
19.0,0.0,0.0,3421.0,1.0,1.0,1.0,1.0,1.0,0.95,1.0
14.0,0.0,0.0,3426.0,1.0,1.0,1.0,1.0,0.9333333333333333,0.7,1.0
17.0,1.0,0.0,3422.0,0.9444444444444444,1.0,0.9714285714285714,0.9716833502358617,0.9333333333333333,0.85,0.9411764705882353
18.0,0.0,0.0,3422.0,1.0,1.0,1.0,1.0,1.0,0.9,1.0
13.0,0.0,0.0,3427.0,1.0,1.0,1.0,1.0,0.8666666666666667,0.65,1.0
42.0,7.0,1.0,3390.0,0.8571428571428571,0.9767441860465116,0.9130434782608695,0.9138684836962702,0.5333333333333333,0.65,0.8372093023255814
12.0,0.0,1.0,3427.0,1.0,0.9230769230769231,0.9600000000000001,0.9606287771186212,0.8666666666666667,0.65,1.0
10.0,0.0,1.0,3429.0,1.0,0.9090909090909091,0.9523809523809523,0.953323590398109,0.7333333333333333,0.55,1.0
12.0,0.0,1.0,3427.0,1.0,0.9230769230769231,0.9600000000000001,0.9606287771186212,0.8666666666666667,0.65,1.0
57.0,9.0,0.0,3374.0,0.8636363636363636,1.0,0.9268292682926829,0.928083390358211,0.9333333333333333,0.85,0.8596491228070176
21.0,1.0,0.0,3418.0,0.9545454545454546,1.0,0.9767441860465117,0.9768655312034192,0.9333333333333333,0.95,0.9523809523809523
8.0,0.0,3.0,3429.0,1.0,0.7272727272727273,0.8421052631578948,0.852430055408813,0.7333333333333333,0.55,1.0
21.0,3.0,0.0,3416.0,0.875,1.0,0.9333333333333333,0.9350038671827408,0.8,0.85,0.8571428571428571
21.0,1.0,0.0,3418.0,0.9545454545454546,1.0,0.9767441860465117,0.9768655312034192,0.9333333333333333,0.95,0.9523809523809523
10.0,0.0,1.0,3429.0,1.0,0.9090909090909091,0.9523809523809523,0.953323590398109,0.7333333333333333,0.55,1.0
47.0,7.0,0.0,3386.0,0.8703703703703703,1.0,0.9306930693069307,0.931973569622614,0.8,0.85,0.851063829787234
16.0,0.0,0.0,3424.0,1.0,1.0,1.0,1.0,1.0,0.8,1.0
20.0,0.0,0.0,3420.0,1.0,1.0,1.0,1.0,1.0,1.0,1.0
11.0,0.0,0.0,3429.0,1.0,1.0,1.0,1.0,0.7333333333333333,0.55,1.0
11.0,0.0,1.0,3428.0,1.0,0.9166666666666666,0.9565217391304348,0.9572874902407936,0.8,0.6,1.0
11.0,1.0,0.0,3428.0,0.9166666666666666,1.0,0.9565217391304348,0.9572874902407936,0.7333333333333333,0.55,0.9090909090909091
16.0,1.0,0.0,3423.0,0.9411764705882353,1.0,0.9696969696969697,0.9700008217947925,0.9333333333333333,0.8,0.9375
12.0,0.0,0.0,3428.0,1.0,1.0,1.0,1.0,0.8,0.6,1.0
12.0,0.0,1.0,3427.0,1.0,0.9230769230769231,0.9600000000000001,0.9606287771186212,0.8666666666666667,0.65,1.0
12.0,0.0,0.0,3428.0,1.0,1.0,1.0,1.0,0.8,0.6,1.0
17.0,0.0,0.0,3423.0,1.0,1.0,1.0,1.0,1.0,0.85,1.0
24.0,2.0,0.0,3414.0,0.9230769230769231,1.0,0.9600000000000001,0.9604876261116169,0.8666666666666667,0.9,0.9166666666666666
10.0,0.0,1.0,3429.0,1.0,0.9090909090909091,0.9523809523809523,0.953323590398109,0.7333333333333333,0.55,1.0
10.0,2.0,0.0,3428.0,0.8333333333333334,1.0,0.9090909090909091,0.9126047472395481,0.6666666666666666,0.5,0.8
20.0,1.0,0.0,3419.0,0.9523809523809523,1.0,0.975609756097561,0.9757573870682547,0.9333333333333333,0.95,0.95
32.0,3.0,2.0,3403.0,0.9142857142857143,0.9411764705882353,0.9275362318840579,0.9269016114027264,0.8,0.85,0.9117647058823529
40.0,12.0,0.0,3388.0,0.7692307692307693,1.0,0.8695652173913044,0.8755089017845978,0.6666666666666666,0.7,0.75
22.0,2.0,0.0,3416.0,0.9166666666666666,1.0,0.9565217391304348,0.9571469535125184,0.9333333333333333,0.9,0.9090909090909091
10.0,0.0,0.0,3430.0,1.0,1.0,1.0,1.0,0.6666666666666666,0.5,1.0
13.0,0.0,0.0,3427.0,1.0,1.0,1.0,1.0,0.8666666666666667,0.65,1.0
11.0,0.0,2.0,3427.0,1.0,0.8461538461538461,0.9166666666666666,0.9195979111009676,0.8666666666666667,0.65,1.0
22.0,1.0,0.0,3417.0,0.9565217391304348,1.0,0.9777777777777777,0.9778762144348188,0.9333333333333333,0.95,0.9545454545454546
21.0,0.0,1.0,3418.0,1.0,0.9545454545454546,0.9767441860465117,0.9768655312034192,1.0,1.0,1.0
22.0,0.0,0.0,3418.0,1.0,1.0,1.0,1.0,1.0,1.0,1.0
22.0,1.0,0.0,3417.0,0.9565217391304348,1.0,0.9777777777777777,0.9778762144348188,0.9333333333333333,0.95,0.9545454545454546
21.0,0.0,1.0,3418.0,1.0,0.9545454545454546,0.9767441860465117,0.9768655312034192,1.0,1.0,1.0
32.0,3.0,0.0,3405.0,0.9142857142857143,1.0,0.955223880597015,0.9557619396648264,0.8666666666666667,0.9,0.90625
32.0,4.0,0.0,3404.0,0.8888888888888888,1.0,0.9411764705882353,0.9422555874447995,0.7333333333333333,0.8,0.875
32.0,3.0,0.0,3405.0,0.9142857142857143,1.0,0.955223880597015,0.9557619396648264,0.9333333333333333,0.95,0.9375
32.0,5.0,0.0,3403.0,0.8648648648648649,1.0,0.927536231884058,0.9292986550924056,0.8,0.8,0.875
20.0,1.0,0.0,3419.0,0.9523809523809523,1.0,0.975609756097561,0.9757573870682547,0.9333333333333333,0.95,0.95
19.0,2.0,1.0,3418.0,0.9047619047619048,0.95,0.9268292682926829,0.9266698554579184,0.8666666666666667,0.9,0.9
28.0,2.0,0.0,3410.0,0.9333333333333333,1.0,0.9655172413793104,0.9658085962688504,0.8666666666666667,0.9,0.9285714285714286
20.0,1.0,1.0,3418.0,0.9523809523809523,0.9523809523809523,0.9523809523809523,0.9520884691987354,0.9333333333333333,0.95,0.9523809523809523
29.0,2.0,1.0,3408.0,0.9354838709677419,0.9666666666666667,0.9508196721311476,0.950509870178692,0.8666666666666667,0.9,0.9333333333333333
16.0,0.0,0.0,3424.0,1.0,1.0,1.0,1.0,1.0,0.8,1.0
14.0,0.0,0.0,3426.0,1.0,1.0,1.0,1.0,0.9333333333333333,0.7,1.0
19.0,0.0,0.0,3421.0,1.0,1.0,1.0,1.0,1.0,0.95,1.0
14.0,0.0,0.0,3426.0,1.0,1.0,1.0,1.0,0.9333333333333333,0.7,1.0
13.0,0.0,1.0,3426.0,1.0,0.9285714285714286,0.962962962962963,0.9634835084469433,0.9333333333333333,0.7,1.0
21.0,2.0,0.0,3417.0,0.9130434782608695,1.0,0.9545454545454545,0.9552535676650579,0.8666666666666667,0.9,0.9047619047619048
18.0,0.0,0.0,3422.0,1.0,1.0,1.0,1.0,1.0,0.9,1.0
46.0,8.0,0.0,3386.0,0.8518518518518519,1.0,0.92,0.9218698125002707,0.7333333333333333,0.75,0.8478260869565217
9.0,0.0,1.0,3430.0,1.0,0.9,0.9473684210526316,0.9485450362559954,0.6666666666666666,0.5,1.0
13.0,0.0,0.0,3427.0,1.0,1.0,1.0,1.0,0.8666666666666667,0.65,1.0
31.0,3.0,0.0,3406.0,0.9117647058823529,1.0,0.9538461538461539,0.9544434669190875,0.8666666666666667,0.85,0.9032258064516129
13.0,1.0,0.0,3426.0,0.9285714285714286,1.0,0.962962962962963,0.9634835084469433,0.8666666666666667,0.65,0.9230769230769231
20.0,1.0,0.0,3419.0,0.9523809523809523,1.0,0.975609756097561,0.9757573870682547,0.9333333333333333,0.95,0.95
20.0,1.0,0.0,3419.0,0.9523809523809523,1.0,0.975609756097561,0.9757573870682547,0.9333333333333333,0.95,0.95
20.0,0.0,0.0,3420.0,1.0,1.0,1.0,1.0,1.0,1.0,1.0
12.0,0.0,0.0,3428.0,1.0,1.0,1.0,1.0,0.8,0.6,1.0
12.0,0.0,0.0,3428.0,1.0,1.0,1.0,1.0,0.8,0.6,1.0
17.0,0.0,0.0,3423.0,1.0,1.0,1.0,1.0,1.0,0.85,1.0
10.0,1.0,0.0,3429.0,0.9090909090909091,1.0,0.9523809523809523,0.953323590398109,0.6666666666666666,0.5,0.9
17.0,1.0,1.0,3421.0,0.9444444444444444,0.9444444444444444,0.9444444444444444,0.9441522176764725,0.9333333333333333,0.9,0.9444444444444444
28.0,3.0,0.0,3409.0,0.9032258064516129,1.0,0.9491525423728813,0.9499640232272013,0.9333333333333333,0.95,0.8928571428571429
17.0,0.0,0.0,3423.0,1.0,1.0,1.0,1.0,1.0,0.85,1.0
12.0,0.0,1.0,3427.0,1.0,0.9230769230769231,0.9600000000000001,0.9606287771186212,0.8666666666666667,0.65,1.0
11.0,0.0,1.0,3428.0,1.0,0.9166666666666666,0.9565217391304348,0.9572874902407936,0.8,0.6,1.0
15.0,0.0,1.0,3424.0,1.0,0.9375,0.967741935483871,0.9681044764756864,1.0,0.8,1.0
15.0,0.0,0.0,3425.0,1.0,1.0,1.0,1.0,1.0,0.75,1.0
26.0,4.0,0.0,3410.0,0.8666666666666667,1.0,0.9285714285714286,0.9304038048031559,0.7333333333333333,0.8,0.8461538461538461
20.0,2.0,0.0,3418.0,0.9090909090909091,1.0,0.9523809523809523,0.953183758244091,0.9333333333333333,0.95,0.95
19.0,1.0,0.0,3420.0,0.95,1.0,0.9743589743589743,0.9745369687292794,0.9333333333333333,0.95,0.9473684210526315
13.0,0.0,0.0,3427.0,1.0,1.0,1.0,1.0,0.8666666666666667,0.65,1.0
29.0,2.0,0.0,3409.0,0.9354838709677419,1.0,0.9666666666666666,0.9669205556451174,0.8666666666666667,0.9,0.9310344827586207
13.0,0.0,0.0,3427.0,1.0,1.0,1.0,1.0,0.8666666666666667,0.65,1.0
13.0,0.0,0.0,3427.0,1.0,1.0,1.0,1.0,0.8666666666666667,0.65,1.0
20.0,1.0,0.0,3419.0,0.9523809523809523,1.0,0.975609756097561,0.9757573870682547,0.9333333333333333,0.95,0.95
20.0,0.0,0.0,3420.0,1.0,1.0,1.0,1.0,1.0,1.0,1.0
20.0,2.0,0.0,3418.0,0.9090909090909091,1.0,0.9523809523809523,0.953183758244091,0.8666666666666667,0.9,0.9
20.0,1.0,0.0,3419.0,0.9523809523809523,1.0,0.975609756097561,0.9757573870682547,0.9333333333333333,0.95,0.95
20.0,2.0,0.0,3418.0,0.9090909090909091,1.0,0.9523809523809523,0.953183758244091,0.8666666666666667,0.9,0.9
15.0,0.0,0.0,3425.0,1.0,1.0,1.0,1.0,1.0,0.75,1.0
14.0,0.0,0.0,3426.0,1.0,1.0,1.0,1.0,0.9333333333333333,0.7,1.0
16.0,0.0,1.0,3423.0,1.0,0.9411764705882353,0.9696969696969697,0.9700008217947925,1.0,0.85,1.0
20.0,1.0,0.0,3419.0,0.9523809523809523,1.0,0.975609756097561,0.9757573870682547,0.9333333333333333,0.95,0.95
31.0,4.0,0.0,3405.0,0.8857142857142857,1.0,0.9393939393939393,0.9405716452803012,0.8666666666666667,0.85,0.8709677419354839
17.0,0.0,0.0,3423.0,1.0,1.0,1.0,1.0,1.0,0.85,1.0
14.0,0.0,0.0,3426.0,1.0,1.0,1.0,1.0,0.9333333333333333,0.7,1.0
13.0,0.0,0.0,3427.0,1.0,1.0,1.0,1.0,0.8666666666666667,0.65,1.0
26.0,4.0,0.0,3410.0,0.8666666666666667,1.0,0.9285714285714286,0.9304038048031559,0.7333333333333333,0.8,0.8461538461538461
23.0,1.0,0.0,3416.0,0.9583333333333334,1.0,0.9787234042553191,0.9788017536204406,0.9333333333333333,0.95,0.9565217391304348
21.0,1.0,0.0,3418.0,0.9545454545454546,1.0,0.9767441860465117,0.9768655312034192,0.9333333333333333,0.95,0.9523809523809523
16.0,0.0,1.0,3423.0,1.0,0.9411764705882353,0.9696969696969697,0.9700008217947925,1.0,0.85,1.0
17.0,0.0,0.0,3423.0,1.0,1.0,1.0,1.0,1.0,0.85,1.0
20.0,2.0,0.0,3418.0,0.9090909090909091,1.0,0.9523809523809523,0.953183758244091,0.8666666666666667,0.9,0.9
19.0,2.0,1.0,3418.0,0.9047619047619048,0.95,0.9268292682926829,0.9266698554579184,0.8666666666666667,0.9,0.9
16.0,1.0,0.0,3423.0,0.9411764705882353,1.0,0.9696969696969697,0.9700008217947925,0.9333333333333333,0.8,0.9375
20.0,2.0,0.0,3418.0,0.9090909090909091,1.0,0.9523809523809523,0.953183758244091,0.8666666666666667,0.9,0.9
15.0,0.0,0.0,3425.0,1.0,1.0,1.0,1.0,1.0,0.75,1.0
15.0,0.0,0.0,3425.0,1.0,1.0,1.0,1.0,1.0,0.75,1.0
15.0,1.0,0.0,3424.0,0.9375,1.0,0.967741935483871,0.9681044764756864,0.9333333333333333,0.75,0.9333333333333333
15.0,0.0,0.0,3425.0,1.0,1.0,1.0,1.0,1.0,0.75,1.0
11.0,0.0,0.0,3429.0,1.0,1.0,1.0,1.0,0.7333333333333333,0.55,1.0
19.0,2.0,1.0,3418.0,0.9047619047619048,0.95,0.9268292682926829,0.9266698554579184,0.8666666666666667,0.9,0.9
20.0,1.0,0.0,3419.0,0.9523809523809523,1.0,0.975609756097561,0.9757573870682547,0.9333333333333333,0.95,0.95
20.0,2.0,0.0,3418.0,0.9090909090909091,1.0,0.9523809523809523,0.953183758244091,0.8666666666666667,0.9,0.9
13.0,0.0,0.0,3427.0,1.0,1.0,1.0,1.0,0.8666666666666667,0.65,1.0
13.0,0.0,0.0,3427.0,1.0,1.0,1.0,1.0,0.8666666666666667,0.65,1.0
12.0,1.0,1.0,3426.0,0.9230769230769231,0.9230769230769231,0.9230769230769231,0.9227851226684025,0.8666666666666667,0.65,0.9230769230769231
12.0,0.0,0.0,3428.0,1.0,1.0,1.0,1.0,0.8,0.6,1.0
12.0,0.0,0.0,3428.0,1.0,1.0,1.0,1.0,0.8,0.6,1.0
10.0,0.0,0.0,3430.0,1.0,1.0,1.0,1.0,0.6666666666666666,0.5,1.0
54.0,16.0,0.0,3370.0,0.7714285714285715,1.0,0.870967741935484,0.8762324517075163,0.4,0.55,0.7407407407407407
25.0,2.0,0.0,3413.0,0.9259259259259259,1.0,0.9615384615384615,0.9619686356550035,0.9333333333333333,0.95,0.92
14.0,0.0,0.0,3426.0,1.0,1.0,1.0,1.0,0.9333333333333333,0.7,1.0
10.0,0.0,0.0,3430.0,1.0,1.0,1.0,1.0,0.6666666666666666,0.5,1.0
11.0,0.0,0.0,3429.0,1.0,1.0,1.0,1.0,0.7333333333333333,0.55,1.0
27.0,1.0,0.0,3412.0,0.9642857142857143,1.0,0.9818181818181818,0.9818366366734474,0.9333333333333333,0.95,0.9629629629629629
26.0,0.0,0.0,3414.0,1.0,1.0,1.0,1.0,1.0,1.0,1.0
11.0,0.0,0.0,3429.0,1.0,1.0,1.0,1.0,0.7333333333333333,0.55,1.0
26.0,1.0,0.0,3413.0,0.9629629629629629,1.0,0.9811320754716981,0.9811630343616857,1.0,0.95,0.9615384615384616
24.0,0.0,2.0,3414.0,1.0,0.9230769230769231,0.9600000000000001,0.9604876261116169,1.0,1.0,1.0
10.0,0.0,0.0,3430.0,1.0,1.0,1.0,1.0,0.6666666666666666,0.5,1.0
26.0,1.0,0.0,3413.0,0.9629629629629629,1.0,0.9811320754716981,0.9811630343616857,0.9333333333333333,0.95,0.9615384615384616
54.0,14.0,0.0,3372.0,0.7941176470588235,1.0,0.8852459016393442,0.8892886094605224,0.7333333333333333,0.6,0.7407407407407407
23.0,2.0,1.0,3414.0,0.92,0.9583333333333334,0.9387755102040817,0.9385348004891291,0.8666666666666667,0.9,0.9166666666666666
24.0,3.0,0.0,3413.0,0.8888888888888888,1.0,0.9411764705882353,0.9423949537025261,0.8666666666666667,0.9,0.875
24.0,4.0,0.0,3412.0,0.8571428571428571,1.0,0.923076923076923,0.9252778917613175,0.8,0.85,0.8333333333333334
45.0,9.0,0.0,3386.0,0.8333333333333334,1.0,0.9090909090909091,0.9116601352797121,0.8,0.8,0.8444444444444444
24.0,3.0,0.0,3413.0,0.8888888888888888,1.0,0.9411764705882353,0.9423949537025261,0.8,0.85,0.875
19.0,0.0,0.0,3421.0,1.0,1.0,1.0,1.0,1.0,0.95,1.0
16.0,0.0,0.0,3424.0,1.0,1.0,1.0,1.0,1.0,0.8,1.0
18.0,2.0,0.0,3420.0,0.9,1.0,0.9473684210526316,0.9484060268775449,0.8666666666666667,0.9,0.8888888888888888
9.0,0.0,1.0,3430.0,1.0,0.9,0.9473684210526316,0.9485450362559954,0.6666666666666666,0.5,1.0
21.0,4.0,0.0,3415.0,0.84,1.0,0.9130434782608696,0.9159788515614052,0.7333333333333333,0.8,0.8095238095238095
14.0,1.0,0.0,3425.0,0.9333333333333333,1.0,0.9655172413793104,0.9659507786586252,0.9333333333333333,0.7,0.9285714285714286
11.0,1.0,1.0,3427.0,0.9166666666666666,0.9166666666666666,0.9166666666666666,0.9163749513807857,0.8,0.6,0.9166666666666666
18.0,0.0,0.0,3422.0,1.0,1.0,1.0,1.0,1.0,0.9,1.0
11.0,0.0,0.0,3429.0,1.0,1.0,1.0,1.0,0.7333333333333333,0.55,1.0
16.0,1.0,0.0,3423.0,0.9411764705882353,1.0,0.9696969696969697,0.9700008217947925,0.9333333333333333,0.8,0.9375
21.0,0.0,0.0,3419.0,1.0,1.0,1.0,1.0,1.0,1.0,1.0
56.0,13.0,0.0,3371.0,0.8115942028985508,1.0,0.896,0.8991531440577717,0.6666666666666666,0.7,0.7857142857142857
24.0,2.0,0.0,3414.0,0.9230769230769231,1.0,0.9600000000000001,0.9604876261116169,0.9333333333333333,0.95,0.9583333333333334
12.0,0.0,0.0,3428.0,1.0,1.0,1.0,1.0,0.8,0.6,1.0
20.0,2.0,1.0,3417.0,0.9090909090909091,0.9523809523809523,0.9302325581395349,0.9300487150851133,0.8666666666666667,0.9,0.9047619047619048
12.0,0.0,0.0,3428.0,1.0,1.0,1.0,1.0,0.8,0.6,1.0
21.0,1.0,0.0,3418.0,0.9545454545454546,1.0,0.9767441860465117,0.9768655312034192,0.9333333333333333,0.95,0.9523809523809523
28.0,0.0,0.0,3412.0,1.0,1.0,1.0,1.0,1.0,1.0,1.0
16.0,0.0,0.0,3424.0,1.0,1.0,1.0,1.0,1.0,0.8,1.0
14.0,0.0,0.0,3426.0,1.0,1.0,1.0,1.0,0.9333333333333333,0.7,1.0
11.0,0.0,0.0,3429.0,1.0,1.0,1.0,1.0,0.7333333333333333,0.55,1.0
15.0,0.0,0.0,3425.0,1.0,1.0,1.0,1.0,1.0,0.75,1.0
13.0,0.0,0.0,3427.0,1.0,1.0,1.0,1.0,0.8666666666666667,0.65,1.0
13.0,0.0,0.0,3427.0,1.0,1.0,1.0,1.0,0.8666666666666667,0.65,1.0
28.0,0.0,0.0,3412.0,1.0,1.0,1.0,1.0,1.0,1.0,1.0
24.0,1.0,0.0,3415.0,0.96,1.0,0.9795918367346939,0.9796524738676645,1.0,0.95,0.9583333333333334
20.0,1.0,0.0,3419.0,0.9523809523809523,1.0,0.975609756097561,0.9757573870682547,0.9333333333333333,0.95,0.95
54.0,11.0,0.0,3375.0,0.8307692307692308,1.0,0.907563025210084,0.909983700328204,0.8,0.8,0.8333333333333334
13.0,0.0,1.0,3426.0,1.0,0.9285714285714286,0.962962962962963,0.9634835084469433,0.9333333333333333,0.7,1.0
10.0,0.0,0.0,3430.0,1.0,1.0,1.0,1.0,0.6666666666666666,0.5,1.0
24.0,2.0,0.0,3414.0,0.9230769230769231,1.0,0.9600000000000001,0.9604876261116169,0.8666666666666667,0.9,0.9166666666666666
20.0,2.0,0.0,3418.0,0.9090909090909091,1.0,0.9523809523809523,0.953183758244091,0.8666666666666667,0.9,0.9
20.0,1.0,0.0,3419.0,0.9523809523809523,1.0,0.975609756097561,0.9757573870682547,1.0,1.0,1.0
54.0,12.0,0.0,3374.0,0.8181818181818182,1.0,0.9,0.9029297746513817,0.5333333333333333,0.65,0.8333333333333334
19.0,2.0,1.0,3418.0,0.9047619047619048,0.95,0.9268292682926829,0.9266698554579184,0.9333333333333333,0.9,0.9
53.0,14.0,1.0,3372.0,0.7910447761194029,0.9814814814814815,0.8760330578512396,0.8791105345792575,0.6,0.65,0.7777777777777778
21.0,1.0,0.0,3418.0,0.9545454545454546,1.0,0.9767441860465117,0.9768655312034192,0.9333333333333333,0.95,0.9523809523809523
20.0,0.0,0.0,3420.0,1.0,1.0,1.0,1.0,1.0,1.0,1.0
20.0,2.0,0.0,3418.0,0.9090909090909091,1.0,0.9523809523809523,0.953183758244091,0.8666666666666667,0.9,0.9
18.0,2.0,2.0,3418.0,0.9,0.9,0.9,0.8994152046783626,0.8666666666666667,0.9,0.9
20.0,1.0,0.0,3419.0,0.9523809523809523,1.0,0.975609756097561,0.9757573870682547,0.9333333333333333,0.95,0.95
20.0,0.0,0.0,3420.0,1.0,1.0,1.0,1.0,1.0,1.0,1.0
23.0,0.0,1.0,3416.0,1.0,0.9583333333333334,0.9787234042553191,0.9788017536204406,1.0,1.0,1.0
18.0,0.0,2.0,3420.0,1.0,0.9,0.9473684210526316,0.9484060268775449,1.0,1.0,1.0
24.0,1.0,0.0,3415.0,0.96,1.0,0.9795918367346939,0.9796524738676645,0.9333333333333333,0.95,0.9583333333333334
10.0,0.0,0.0,3430.0,1.0,1.0,1.0,1.0,0.6666666666666666,0.5,1.0
10.0,0.0,0.0,3430.0,1.0,1.0,1.0,1.0,0.6666666666666666,0.5,1.0
13.0,0.0,0.0,3427.0,1.0,1.0,1.0,1.0,0.8666666666666667,0.65,1.0
9.0,0.0,0.0,3431.0,1.0,1.0,1.0,1.0,0.6,0.45,1.0
